id	Mass	molecular	a(xx)	a(yy)	a(zz)	ASA	ASA+	ASA-	ASA_H	ASA_P	Dreiding energy	fsp3	Harary index	Hyper wiener index	Maximal projection area	Maximal projection radius	Length perpendicular to the max area	Minimal projection area	Minimal projection radius	Length perpendicular to the min area	MMFF94 energy	Van der Waals surface area (3D)	Platt index	Polar surface area	Randic index	Szeged index	Van der Waals surface area (3D)	Wiener polarity	logP	acceptorcount	donorcount	accsitecount	donsitecount	count
1	394.31	35.80	38.65	51.76	17.01	434.80	293.89	140.90	404.09	30.70	73.25	0.06	94.15	4122	101.48	8.04	4.74	33.61	4.91	15.90	181.64	369.22	88	51.81	11.90	2092	369.22	42	4.28	4	0	4	0	200
2	400.41	38.74	41.04	56.50	18.68	464.68	333.76	130.92	448.74	15.94	120.77	0.05	100.05	4521	111.56	8.53	5.66	37.38	5.21	16.90	257.59	394.13	90	12.89	12.40	2458	394.13	45	2.57	2	0	2	0	200
3	399.42	39.20	55.86	42.90	18.85	486.95	377.37	109.58	462.82	24.12	112.96	0.04	100.35	4408	113.11	8.30	4.52	38.70	5.28	16.51	311.28	424.95	90	0.00	12.40	2551	424.95	45	3.89	1	0	1	0	20
4	391.5689	42.57	61.29	45.70	20.72	499.13	383.08	116.05	397.00	102.13	178.06	0.04	119.78	6275	118.67	8.70	5.75	44.91	5.86	16.96	325.05	443.05	104	26.03	13.88	3435	443.05	52	1.55	1	0	1	0	200
5	319.44	27.19	40.04	26.37	15.15	407.14	336.18	70.96	389.60	17.54	144.68	0.00	49.72	1238	82.13	7.53	5.06	34.38	4.12	14.95	356.13	296.69	56	0.00	7.90	642	296.69	20	-3.88	1	0	1	0	9
6	379.33	36.56	38.78	53.20	17.69	428.04	308.90	119.13	398.14	29.89	82.87	0.10	88.87	3521	100.97	8.11	5.84	34.77	4.97	15.97	186.06	358.86	86	13.14	11.40	1811	358.86	39	4.59	1	0	1	0	200
7	454.41	43.59	59.72	48.31	22.72	489.86	315.70	174.16	472.65	17.21	113.93	0.04	126.84	6631	119.88	8.49	5.88	44.32	5.74	16.43	285.59	456.89	106	38.67	14.40	3792	456.89	56	5.60	4	0	4	0	200
8	404.25	32.89	50.06	32.52	16.08	429.33	281.93	147.39	370.36	58.97	55.91	0.06	70.13	2563	95.31	8.36	4.54	30.07	4.58	16.66	209.01	342.56	72	0.00	9.88	1327	342.56	30	4.83	2	0	2	0	200
9	444.27	36.47	53.15	38.90	17.36	449.11	334.85	114.26	373.32	75.79	74.39	0.05	88.87	3521	104.72	7.95	4.77	33.17	4.90	15.59	235.06	376.90	86	13.14	11.40	1811	376.90	39	5.04	2	0	2	0	200
10	396.34	39.58	41.88	58.50	18.35	494.86	344.54	150.32	474.46	20.40	103.06	0.04	105.31	5213	115.88	8.77	4.21	39.54	5.41	17.21	278.50	433.23	92	12.89	12.88	2955	433.23	47	5.93	2	0	2	0	200
11	303.453	33.64	48.87	35.11	16.95	430.80	307.08	123.72	390.86	39.94	114.31	0.06	74.97	2968	95.10	7.84	4.52	37.68	5.24	15.16	209.40	352.72	74	12.89	10.38	1623	352.72	33	1.96	1	0	1	0	200
12	290.454	33.16	17.08	33.00	49.39	400.77	310.00	90.77	381.83	18.94	108.85	0.11	70.13	2563	90.98	8.14	4.67	30.47	4.56	16.24	182.94	334.92	72	0.00	9.88	1327	334.92	30	3.48	0	0	0	0	200
13	489.19	37.07	55.93	37.36	17.93	426.74	302.50	124.24	389.68	37.06	55.40	0.10	87.44	3979	106.11	8.59	4.61	33.65	4.69	16.87	267.70	363.03	86	0.00	11.38	1900	363.03	38	4.65	3	0	3	0	200
14	335.26	31.68	48.88	30.58	15.60	412.36	322.25	90.11	368.89	43.47	57.16	0.11	75.79	2828	91.59	8.16	4.80	31.72	4.34	15.99	159.78	339.89	74	25.78	10.40	1555	339.89	34	2.90	3	0	3	0	200
15	443.49	43.94	63.17	46.54	22.11	468.57	376.12	92.45	450.62	17.95	136.82	0.08	113.88	5530	118.64	8.72	5.29	44.09	5.71	16.41	297.64	421.95	102	0.00	13.38	2688	421.95	49	3.26	1	0	1	0	200
16	393.536	42.88	59.59	45.87	23.18	448.43	335.28	113.16	418.01	30.42	134.89	0.09	119.99	6177	114.35	8.51	6.97	48.12	5.13	16.83	250.49	412.40	104	38.67	13.88	3369	412.40	52	2.85	3	0	3	0	200
17	274.509	28.28	27.37	15.39	42.07	398.24	335.20	63.04	371.52	26.72	138.62	0.00	49.72	1238	79.86	7.60	5.02	32.91	4.06	15.00	233.77	285.71	56	0.00	7.90	642	285.71	20	-0.96	0	0	0	0	200
18	258.3139	30.31	42.70	32.98	15.26	367.14	298.45	68.69	308.02	59.12	74.42	0.16	71.92	2096	84.43	6.81	4.81	35.80	4.91	13.34	127.78	296.99	72	13.14	9.92	1127	296.99	32	2.88	0	0	0	0	200
19	336.4613	38.02	53.53	42.35	18.19	483.89	342.53	141.36	449.77	34.12	112.75	0.05	99.75	4508	109.55	8.35	4.52	43.46	6.16	16.13	266.10	411.30	90	28.68	12.38	2611	411.30	44	2.48	1	1	1	1	200
20	343.474	37.55	57.41	36.96	18.27	459.64	356.70	102.94	413.15	46.49	119.19	0.05	93.28	4364	103.20	8.60	6.32	33.76	4.41	17.39	223.32	388.07	88	26.03	11.88	2091	388.07	41	2.51	1	0	1	0	200
21	394.6449	42.29	58.09	47.47	21.30	480.75	409.30	71.45	400.74	80.01	190.81	0.04	115.42	5027	118.98	8.32	5.42	46.97	5.88	16.53	350.67	424.63	102	13.14	13.40	2755	424.63	50	-1.03	0	0	0	0	133
22	389.37	38.69	55.57	41.96	18.54	446.14	307.01	139.14	446.14	0.00	86.62	0.09	94.34	4020	107.48	8.11	4.57	39.20	5.34	15.33	229.04	395.86	88	0.00	11.90	2219	395.86	42	5.34	1	0	1	0	200
23	455.29	38.34	57.27	39.52	18.23	469.57	310.42	159.15	416.90	52.67	71.32	0.05	92.72	4582	110.04	8.78	4.20	32.66	4.58	17.53	241.80	397.35	88	12.89	11.88	2249	397.35	41	5.18	3	0	3	0	200
24	411.36	41.05	45.62	58.46	19.06	460.42	305.01	155.41	422.52	37.90	120.38	0.08	114.83	5268	116.21	8.11	4.84	40.49	5.35	16.06	333.37	430.93	102	31.58	13.40	2698	430.93	50	5.67	1	2	1	2	200
25	385.32	37.10	53.19	38.95	19.15	448.40	300.10	148.31	431.73	16.67	97.98	0.04	100.54	4377	105.76	7.84	5.92	40.60	4.84	15.51	282.29	412.35	90	13.14	12.40	2434	412.35	45	6.02	1	0	1	0	200
26	402.37	39.18	58.04	41.03	18.48	466.01	300.64	165.36	435.35	30.66	97.71	0.05	99.53	4677	112.30	8.74	4.21	37.87	4.99	17.14	244.29	412.79	90	12.89	12.38	2472	412.79	44	5.60	2	0	2	0	200
27	393.536	42.81	59.43	45.84	23.17	464.57	325.10	139.47	433.07	31.50	134.01	0.09	119.99	6177	113.86	8.38	7.15	47.50	5.28	16.54	253.15	414.63	104	38.67	13.88	3369	414.63	52	1.30	3	0	3	0	186
28	377.461	42.74	61.54	46.18	20.52	447.03	316.50	130.53	435.52	11.51	103.80	0.12	119.78	6275	113.64	8.38	5.11	41.17	5.17	16.69	193.76	414.87	104	38.67	13.88	3435	414.87	52	4.73	3	0	3	0	200
29	285.4146	32.40	31.50	16.58	49.12	405.28	304.10	101.17	393.39	11.89	95.11	0.11	75.79	2828	92.69	8.12	5.06	31.37	4.32	16.16	192.15	347.93	74	12.89	10.40	1555	347.93	34	2.16	1	0	1	0	8
30	400.6187	45.29	62.72	47.84	25.32	514.57	388.14	126.43	514.57	0.00	178.36	0.04	125.83	7016	122.35	8.65	7.49	52.04	5.39	17.30	365.92	465.89	106	0.00	14.38	3915	465.89	55	1.54	0	0	0	0	1
31	379.5582	42.01	61.96	43.84	20.23	475.94	378.57	97.37	443.23	32.72	174.80	0.04	113.88	5530	116.83	8.76	5.01	41.50	5.41	17.40	306.86	415.78	102	28.93	13.38	2688	415.78	49	1.13	0	1	0	1	200
32	370.4452	43.64	47.44	63.44	20.05	505.21	350.79	154.42	477.76	27.44	111.73	0.07	125.62	7114	121.40	8.77	5.15	45.90	5.59	17.23	278.81	463.19	106	28.68	14.38	3987	463.19	55	5.54	1	1	1	1	200
33	427.42	43.41	62.76	44.98	22.49	454.89	350.98	103.91	437.05	17.85	106.07	0.12	113.88	5530	115.84	8.66	6.71	42.39	5.31	17.33	256.98	413.56	102	0.00	13.38	2688	413.56	49	4.86	1	0	1	0	200
34	323.25	30.59	33.28	43.34	15.15	371.42	277.01	94.41	359.97	11.45	62.79	0.11	70.87	2355	88.52	7.09	6.39	38.59	5.33	13.94	169.24	305.19	72	13.14	9.90	1243	305.19	31	3.85	1	0	1	0	200
35	336.25	30.46	44.69	31.93	14.77	401.92	262.12	139.80	366.81	35.11	72.27	0.06	77.19	2437	92.42	7.53	4.59	33.39	4.62	15.03	209.92	343.46	74	26.03	10.42	1402	343.46	35	3.71	2	0	2	0	200
36	393.533	42.66	61.25	43.46	23.27	486.01	348.21	137.80	456.17	29.85	151.55	0.04	119.99	6177	113.52	8.55	6.87	45.74	4.89	17.05	300.84	448.49	104	26.03	13.88	3369	448.49	52	3.33	1	0	1	0	200
37	491.38	42.35	44.98	59.80	22.27	491.04	337.44	153.59	471.90	19.14	120.77	0.04	113.88	5530	119.32	8.63	6.61	50.05	5.32	17.23	351.04	437.62	102	15.79	13.38	2688	437.62	49	3.46	2	1	2	1	200
38	332.439	36.85	54.13	38.40	18.02	434.91	338.67	96.24	384.58	50.33	103.18	0.10	89.43	3280	100.03	8.16	4.60	32.70	4.80	16.30	170.80	365.32	86	13.14	11.40	1686	365.32	39	5.32	0	0	0	0	200
39	436.27	37.93	54.57	41.16	18.06	452.91	310.60	142.31	452.91	0.00	70.33	0.09	94.34	4020	108.36	8.09	4.71	38.44	5.50	15.33	270.36	400.56	88	0.00	11.90	2219	400.56	42	5.10	2	0	2	0	121
40	370.4452	43.35	59.91	50.22	19.92	497.12	343.02	154.10	462.94	34.17	137.42	0.07	127.51	6360	122.08	8.42	4.53	45.82	6.60	16.32	297.10	462.04	106	28.68	14.40	3871	462.04	56	5.15	1	1	1	1	200
41	402.37	39.08	56.43	42.35	18.45	475.47	322.93	152.54	445.68	29.79	100.43	0.05	100.42	4332	110.52	8.41	4.92	36.72	5.52	16.38	242.35	412.21	90	12.89	12.40	2471	412.21	45	5.67	2	0	2	0	200
42	441.40	43.02	60.37	46.38	22.32	486.68	344.51	142.17	449.49	37.19	127.40	0.04	120.90	5849	117.80	8.34	5.63	44.85	5.62	16.12	308.11	454.49	104	13.14	13.90	3220	454.49	53	6.77	1	0	1	0	200
43	411.574	43.80	58.80	51.46	21.12	473.74	318.51	155.24	439.67	34.07	151.60	0.05	121.37	5705	119.23	8.48	5.12	43.57	6.24	16.63	276.28	437.91	104	38.67	13.90	3291	437.91	53	2.81	3	0	3	0	200
44	441.41	43.43	61.13	48.62	20.54	463.91	316.42	147.49	463.91	0.00	101.25	0.08	119.25	6455	119.84	8.60	5.04	37.43	5.20	16.80	249.06	419.12	104	25.78	13.88	3291	419.12	52	5.16	3	0	3	0	200
45	338.5493	38.51	54.39	41.57	19.57	443.96	366.07	77.89	443.96	0.00	142.06	0.09	95.03	3763	106.25	8.21	6.54	41.83	5.50	16.31	249.37	380.88	88	0.00	11.90	2092	380.88	42	1.58	0	0	0	0	1
46	409.51	38.33	54.36	41.15	19.48	449.40	347.00	102.40	449.40	0.00	138.99	0.05	88.87	3521	106.48	8.14	5.70	39.56	5.10	15.85	289.75	380.31	86	0.00	11.40	1811	380.31	39	0.74	1	0	1	0	200
47	386.508	45.60	62.62	50.06	24.11	505.47	349.20	156.28	478.67	26.80	138.71	0.07	125.93	6930	121.18	8.52	6.24	50.84	6.26	16.50	295.78	473.08	106	0.00	14.38	4039	473.08	55	7.07	0	0	0	0	75
48	408.40	38.77	56.83	40.94	18.55	453.93	294.37	159.56	405.44	48.49	100.95	0.05	94.39	3992	108.01	8.50	5.33	36.68	5.22	16.94	217.14	392.40	88	12.89	11.90	2114	392.40	42	5.01	2	0	2	0	200
49	309.3606	35.59	52.30	37.08	17.40	415.26	321.33	93.93	342.82	72.44	85.63	0.14	94.74	3881	99.06	8.02	4.76	38.99	4.96	15.98	163.00	362.94	88	26.03	11.90	2107	362.94	42	3.64	1	0	1	0	200
50	448.42	42.78	60.67	47.80	19.87	480.40	283.74	196.66	433.14	47.26	97.51	0.05	113.39	5779	117.21	8.42	4.22	43.08	6.54	15.76	242.95	421.53	102	41.57	13.38	3045	421.53	49	5.82	3	1	3	1	200
51	337.4494	37.34	56.62	37.42	17.97	466.50	331.25	135.26	424.45	42.05	121.68	0.05	98.86	4954	106.46	8.72	5.55	32.88	4.87	17.54	245.17	403.61	90	41.57	12.38	2671	403.61	44	1.44	2	1	2	1	200
52	384.33	38.52	38.07	59.22	18.28	469.36	336.52	132.84	450.52	18.84	82.04	0.09	98.59	5075	109.59	8.93	5.01	37.40	4.66	17.53	241.77	410.00	90	12.89	12.38	2531	410.00	44	4.88	2	0	2	0	200
53	280.3624	34.09	36.08	49.70	16.50	442.16	293.02	149.14	442.16	0.00	81.93	0.09	79.95	3491	97.37	7.78	4.24	37.66	4.90	15.35	199.13	370.80	76	0.00	10.88	1989	370.80	36	5.10	0	0	0	0	1
54	289.354	31.83	43.54	36.11	15.83	387.37	266.00	121.37	376.10	11.26	64.94	0.12	77.00	2472	88.97	7.14	4.74	36.61	5.26	14.19	126.36	325.86	74	38.67	10.42	1459	325.86	35	3.64	3	0	3	0	200
55	364.462	41.84	47.33	58.76	19.42	467.97	310.15	157.82	415.74	52.24	114.65	0.08	115.42	5027	115.09	8.23	4.89	45.27	6.21	16.29	261.64	426.19	102	31.58	13.40	2755	426.19	50	5.34	0	2	0	2	200
56	388.484	44.57	60.58	52.37	20.76	492.28	328.05	164.23	492.28	0.00	129.56	0.08	127.56	6322	121.09	8.30	5.56	43.14	6.17	15.22	267.89	457.10	106	25.78	14.40	3883	457.10	56	6.45	2	0	2	0	7
57	388.40	37.65	56.41	37.87	18.69	430.42	339.22	91.20	417.38	13.04	105.95	0.10	93.00	4515	105.43	8.61	5.03	37.65	4.60	16.89	259.71	371.48	88	12.89	11.88	2364	371.48	41	1.90	2	0	2	0	174
58	345.34	32.64	50.18	31.32	16.43	391.73	296.65	95.08	354.54	37.18	85.08	0.12	65.45	2138	88.32	8.09	4.93	29.44	4.09	15.98	165.95	313.56	70	0.00	9.40	1078	313.56	28	4.15	1	0	1	0	200
59	361.30	35.85	38.29	51.85	17.42	422.12	332.37	89.74	384.83	37.29	80.11	0.14	89.43	3280	99.33	7.91	5.15	39.13	5.43	15.12	189.05	345.74	86	13.14	11.40	1686	345.74	39	3.48	1	0	1	0	200
60	292.427	31.76	33.99	45.26	16.02	404.73	317.17	87.56	380.99	23.74	128.30	0.06	71.28	2201	88.77	7.21	5.36	37.71	4.79	14.43	217.63	332.64	72	13.14	9.90	1205	332.64	31	2.15	0	0	0	0	200
61	393.533	42.75	59.46	48.43	20.37	483.65	340.48	143.16	408.46	75.19	160.23	0.04	121.37	5705	119.14	8.43	5.05	44.01	5.99	15.38	310.72	447.30	104	26.03	13.90	3291	447.30	53	2.93	1	0	1	0	200
62	454.30	38.92	42.14	56.30	18.31	481.41	318.37	163.04	446.27	35.14	74.78	0.05	94.34	4020	110.87	8.20	4.82	39.73	5.44	16.12	265.98	404.60	88	0.00	11.90	2219	404.60	42	6.24	2	0	2	0	200
63	254.5068	27.02	25.90	15.38	39.78	372.04	331.40	40.64	372.04	0.00	158.46	0.08	49.72	1238	77.44	7.40	5.13	34.37	3.72	14.62	341.41	275.54	56	0.00	7.90	642	275.54	20	-4.95	0	0	0	0	1
64	448.42	42.85	60.69	47.95	19.89	480.84	285.35	195.49	434.02	46.82	99.33	0.05	113.39	5779	117.25	8.62	4.20	39.33	6.00	16.85	245.29	420.98	102	41.57	13.38	3045	420.98	49	5.82	3	1	3	1	200
65	271.3126	31.60	28.95	50.62	15.22	416.11	300.85	115.26	386.20	29.91	70.37	0.11	75.02	3066	89.52	8.29	4.71	28.54	3.88	16.54	150.37	336.42	74	26.03	10.38	1572	336.42	33	3.68	1	0	1	0	200
66	423.36	42.11	45.02	59.46	21.85	473.23	333.60	139.63	456.48	16.75	111.12	0.08	120.76	5954	115.57	8.08	5.37	44.59	5.24	16.03	307.33	450.59	104	13.14	13.90	3222	450.59	53	6.84	1	0	1	0	200
67	203.336	21.10	30.28	21.05	11.97	325.93	258.82	67.12	260.20	65.73	85.91	0.10	36.00	589	61.85	6.31	5.00	26.63	3.59	12.45	160.49	226.91	42	12.89	6.43	335	226.91	14	-1.11	1	0	1	0	171
68	286.390	33.63	36.84	47.47	16.58	410.47	280.71	129.76	387.23	23.24	96.24	0.10	76.24	2624	93.87	7.53	4.62	35.51	5.12	14.99	192.12	350.21	74	0.00	10.40	1551	350.21	34	4.88	0	0	0	0	200
69	316.373	34.93	16.85	35.41	52.55	412.07	328.52	83.55	358.46	53.61	101.70	0.10	88.87	3521	96.69	7.89	4.48	30.89	4.81	15.30	181.50	357.61	86	26.28	11.40	1811	357.61	39	4.63	0	0	0	0	200
70	381.513	43.55	62.49	46.38	21.79	465.11	305.22	159.89	435.18	29.93	126.15	0.08	113.88	5530	114.45	8.60	6.12	41.35	5.48	17.26	242.29	430.75	102	15.79	13.38	2688	430.75	49	6.15	0	1	0	1	200
71	441.41	43.48	51.25	58.80	20.40	484.34	346.37	137.97	465.64	18.70	100.85	0.08	121.49	5608	120.17	8.27	4.38	44.09	6.11	14.25	255.71	441.05	104	25.78	13.90	3306	441.05	53	5.92	3	0	3	0	200
72	360.4040	41.66	42.34	62.43	20.21	491.69	358.51	133.19	459.83	31.86	111.75	0.08	119.58	6341	114.11	8.90	5.62	44.81	5.13	17.64	239.22	441.56	104	26.28	13.88	3190	441.56	52	5.63	0	0	0	0	200
73	378.561	43.42	58.53	50.22	21.51	445.19	368.52	76.66	445.19	0.00	138.85	0.12	115.42	5027	116.06	8.15	5.03	45.61	5.90	15.41	272.00	413.50	102	0.00	13.40	2755	413.50	50	3.46	0	0	0	0	157
74	377.458	42.39	59.78	44.71	22.68	470.21	323.12	147.09	441.46	28.76	123.04	0.08	119.99	6177	111.65	8.44	6.36	45.59	5.28	16.57	242.05	439.53	104	26.03	13.88	3369	439.53	52	5.38	1	0	1	0	200
75	343.26	30.38	34.14	42.14	14.85	390.14	231.45	158.69	354.32	35.82	60.89	0.07	70.87	2355	87.25	7.08	5.27	34.16	4.99	14.27	158.93	314.36	72	38.92	9.90	1243	314.36	31	3.95	3	0	3	0	200
76	285.4146	32.58	47.96	33.15	16.63	412.39	306.35	106.04	399.87	12.52	95.77	0.11	75.49	2859	92.89	8.01	4.58	35.61	4.63	15.99	182.15	347.95	74	12.89	10.38	1547	347.95	33	2.55	1	0	1	0	17
77	318.4104	39.08	56.99	41.42	18.84	456.70	322.11	134.59	456.70	0.00	86.67	0.12	99.23	4780	108.09	8.36	4.84	40.24	5.28	15.84	200.37	398.36	90	0.00	12.38	2601	398.36	44	5.57	0	0	0	0	1
78	393.44	38.13	57.09	38.20	19.10	420.59	330.67	89.92	408.84	11.75	114.60	0.10	87.44	3979	104.09	8.62	5.11	36.59	4.45	17.05	252.36	360.52	86	0.00	11.38	1900	360.52	38	2.83	1	0	1	0	200
79	444.48	42.95	59.80	46.61	22.43	469.14	336.58	132.55	434.03	35.10	145.76	0.04	114.83	5268	117.01	8.34	5.61	45.08	5.63	16.61	342.03	442.90	102	15.79	13.40	2698	442.90	50	4.76	1	1	1	1	200
80	402.524	41.20	55.12	48.58	19.90	449.17	282.92	166.24	432.32	16.85	122.53	0.05	115.42	5027	111.58	8.10	4.60	42.92	6.00	15.17	228.59	402.54	102	64.70	13.40	2755	402.54	50	2.81	4	0	4	0	200
81	371.4300	42.81	60.24	48.43	19.77	501.10	340.73	160.36	428.21	72.89	118.86	0.07	127.51	6360	120.70	8.39	4.62	43.72	6.33	16.31	264.10	459.11	106	26.03	14.40	3871	459.11	56	5.60	1	0	1	0	200
82	340.513	38.65	54.68	41.97	19.29	437.16	351.98	85.18	412.57	24.59	120.22	0.09	94.74	3881	106.20	8.14	4.52	36.92	5.06	16.09	246.58	396.55	88	0.00	11.90	2107	396.55	42	3.86	0	0	0	0	154
83	271.3126	30.72	45.48	31.58	15.09	398.92	269.94	128.98	382.01	16.91	85.03	0.11	76.24	2624	88.44	7.48	5.21	33.84	4.70	14.31	177.21	335.91	74	26.03	10.40	1551	335.91	34	3.02	1	0	1	0	200
84	274.379	32.20	44.33	35.85	16.43	370.33	277.12	93.22	342.96	27.37	74.42	0.16	71.92	2096	88.15	6.77	5.91	36.01	4.93	13.36	145.62	325.76	72	0.00	9.92	1127	325.76	32	4.83	0	0	0	0	200
85	346.541	38.67	54.59	41.95	19.47	424.03	322.35	101.68	412.47	11.56	128.44	0.10	89.43	3280	103.36	8.12	4.64	38.88	5.09	16.23	198.44	376.47	86	0.00	11.40	1686	376.47	39	4.15	0	0	0	0	200
86	293.415	31.12	47.75	29.85	15.78	414.97	313.56	101.41	367.83	47.14	113.86	0.06	70.73	2402	88.20	8.06	4.52	29.44	4.00	16.14	206.88	324.70	72	26.03	9.90	1232	324.70	31	1.56	1	0	1	0	200
87	392.544	44.30	50.48	61.60	20.82	511.01	371.85	139.16	487.93	23.08	148.40	0.04	119.12	6573	120.63	8.41	5.72	44.84	6.43	16.65	281.94	456.46	104	13.14	13.88	3566	456.46	52	4.09	0	0	0	0	200
88	300.5013	33.63	48.91	34.63	17.37	442.25	338.91	103.33	442.25	0.00	123.86	0.05	75.49	2859	96.39	8.18	5.62	37.11	4.88	16.07	252.96	365.04	74	0.00	10.38	1547	365.04	33	1.63	0	0	0	0	1
89	395.499	43.83	63.16	47.53	20.78	466.80	315.16	151.64	457.44	9.36	127.26	0.09	119.99	6177	117.69	8.84	4.64	39.68	5.46	17.58	219.39	429.78	104	38.67	13.88	3369	429.78	52	5.40	3	0	3	0	200
90	456.41	37.75	54.38	39.79	19.07	447.20	371.04	76.16	422.16	25.04	138.19	0.05	89.11	3389	109.05	8.39	4.79	43.52	5.06	16.67	327.27	372.43	86	0.00	11.40	1785	372.43	39	0.98	2	0	2	0	59
91	379.34	34.90	35.98	51.76	16.96	442.80	345.08	97.72	390.78	52.02	107.58	0.05	88.87	3521	100.62	8.00	5.90	35.81	4.90	16.17	247.83	371.89	86	26.28	11.40	1811	371.89	39	3.31	1	0	1	0	200
92	373.5213	43.49	61.53	47.69	21.23	452.68	363.90	88.79	440.21	12.47	135.90	0.12	119.78	6275	117.39	8.52	5.37	44.57	5.49	17.00	246.79	403.07	104	12.89	13.88	3435	403.07	52	2.31	1	0	1	0	13
93	309.3606	35.96	51.09	39.89	16.89	447.06	307.21	139.85	406.98	40.07	88.97	0.09	94.45	3851	101.86	7.78	4.60	41.65	5.77	15.24	201.12	382.17	88	28.93	11.88	2105	382.17	41	4.55	0	1	0	1	200
94	430.38	42.21	61.59	45.75	19.28	490.66	325.67	164.99	421.56	69.09	110.38	0.04	113.39	5779	118.03	8.59	4.20	37.91	5.41	17.13	266.73	431.13	102	28.93	13.38	3045	431.13	49	5.56	1	1	1	1	200
95	322.3594	36.37	56.08	35.73	17.31	447.02	303.25	143.77	425.62	21.40	93.15	0.09	98.86	4954	102.78	8.67	4.76	32.62	4.28	17.27	182.80	390.88	90	38.92	12.38	2671	390.88	44	3.63	2	0	2	0	200
96	389.472	44.02	62.66	48.82	20.56	479.43	321.92	157.52	468.08	11.36	122.20	0.08	125.93	6930	120.05	8.42	4.77	41.42	5.65	16.71	239.20	448.99	106	38.67	14.38	4039	448.99	55	5.46	3	0	3	0	200
97	400.539	44.16	63.79	47.53	21.16	458.71	330.33	128.38	410.21	48.50	120.18	0.09	113.88	5530	116.28	8.79	4.71	37.83	5.54	17.33	197.15	417.59	102	25.78	13.38	2688	417.59	49	6.22	2	0	2	0	200
98	400.41	38.82	57.28	40.41	18.76	468.15	341.78	126.36	447.78	20.37	122.48	0.05	99.53	4677	112.50	8.74	4.52	40.82	5.05	17.15	268.59	395.92	90	12.89	12.38	2472	395.92	44	2.57	2	0	2	0	200
99	325.426	37.57	54.65	39.47	18.58	419.35	314.96	104.39	388.24	31.11	89.77	0.14	94.74	3881	101.84	8.20	5.12	36.40	4.96	16.50	162.22	369.94	88	12.89	11.90	2107	369.94	42	4.36	1	0	1	0	200
100	375.40	37.05	53.17	39.19	18.81	411.26	353.35	57.91	400.18	11.08	103.17	0.14	88.87	3521	102.60	8.09	5.01	41.36	5.13	15.30	240.78	356.48	86	0.00	11.40	1811	356.48	39	1.26	1	0	1	0	12
101	388.40	37.37	39.19	54.31	18.61	427.69	344.35	83.35	414.93	12.76	117.08	0.10	94.74	3851	105.20	8.29	5.88	43.26	5.45	15.94	252.02	371.10	88	12.89	11.90	2026	371.10	42	2.29	2	0	2	0	200
102	334.4852	39.77	38.80	19.36	61.16	456.85	342.69	114.16	456.85	0.00	111.59	0.08	97.10	5564	109.37	9.27	5.87	35.64	4.29	18.44	237.81	395.04	90	0.00	12.35	2743	395.04	42	3.68	0	0	0	0	1
103	337.4461	37.41	53.26	40.97	17.99	480.64	368.02	112.62	407.07	73.58	116.57	0.05	100.71	4244	107.37	8.04	5.28	41.68	5.91	15.12	247.80	407.35	90	26.03	12.40	2551	407.35	45	2.75	1	0	1	0	200
104	303.453	33.39	50.53	32.80	16.83	438.54	323.26	115.27	425.99	12.54	103.23	0.06	75.71	2839	94.93	8.33	4.51	30.43	4.07	16.66	207.39	352.59	74	12.89	10.40	1443	352.59	34	2.29	1	0	1	0	200
105	287.3874	31.69	29.47	49.93	15.68	428.83	318.05	110.78	380.29	48.54	98.78	0.06	75.02	3066	91.95	8.39	4.52	29.85	3.72	16.66	206.62	346.07	74	26.03	10.38	1572	346.07	33	1.44	1	0	1	0	200
106	459.57	44.20	59.56	51.28	21.75	496.13	387.87	108.26	476.95	19.18	168.90	0.04	115.42	5027	122.40	8.34	5.45	47.48	6.23	16.66	346.71	440.60	102	0.00	13.40	2755	440.60	50	2.25	1	0	1	0	200
107	388.484	44.63	47.93	63.56	22.39	489.25	329.75	159.50	489.25	0.00	112.55	0.08	125.62	7114	119.62	8.73	5.65	44.32	5.89	17.30	250.98	457.03	106	25.78	14.38	3987	457.03	55	6.45	2	0	2	0	7
108	390.36	38.01	39.37	56.87	17.80	462.10	295.26	166.84	431.38	30.72	92.14	0.05	94.39	3992	107.73	8.54	4.35	32.63	4.96	16.79	250.93	396.95	88	15.79	11.90	2114	396.95	42	5.66	1	1	1	1	200
109	336.4613	37.74	18.69	39.43	55.10	453.96	328.34	125.63	429.78	24.19	110.69	0.09	100.24	4482	106.84	8.43	4.56	37.75	5.00	16.77	223.88	392.18	90	25.78	12.40	2575	392.18	45	2.05	2	0	2	0	32
110	327.399	37.13	40.22	53.46	17.72	443.07	308.95	134.13	417.61	25.47	90.66	0.10	94.87	3794	102.03	7.99	5.31	37.71	5.60	15.88	168.53	378.47	88	26.03	11.90	1947	378.47	42	4.45	1	0	1	0	200
111	332.439	37.07	53.82	39.35	18.03	410.54	328.74	81.80	358.62	51.92	105.12	0.10	88.87	3521	99.53	7.89	4.43	36.92	4.85	15.24	174.83	363.87	86	13.14	11.40	1811	363.87	39	5.27	0	0	0	0	200
112	330.475	36.81	53.18	38.88	18.36	422.84	331.99	90.84	409.36	13.48	128.16	0.10	88.87	3521	99.82	7.84	5.56	36.56	4.89	15.32	209.64	370.65	86	13.14	11.40	1811	370.65	39	2.91	0	0	0	0	200
113	297.3499	34.97	51.18	36.88	16.85	409.23	293.42	115.81	375.77	33.46	97.34	0.14	89.43	3280	95.80	7.83	5.39	38.26	5.46	15.61	188.72	357.31	86	28.93	11.40	1686	357.31	39	4.21	0	1	0	1	200
114	283.3266	32.11	50.40	30.25	15.69	414.82	307.64	107.18	377.97	36.84	65.75	0.11	80.75	3372	92.51	8.30	5.03	30.28	4.13	16.17	143.49	347.96	76	38.67	10.90	1931	347.96	37	2.67	3	0	3	0	200
115	375.28	35.19	36.42	52.80	16.37	442.18	307.52	134.65	388.77	53.41	89.86	0.05	94.74	3851	102.82	8.08	5.38	38.01	5.03	16.11	247.33	382.19	88	41.82	11.90	2026	382.19	42	4.21	2	1	2	1	200
116	385.32	37.01	40.70	51.96	18.38	448.05	313.24	134.81	428.99	19.06	109.90	0.04	100.86	4203	106.56	7.74	5.18	43.89	5.20	14.84	298.15	412.06	90	13.14	12.40	2444	412.06	45	6.02	1	0	1	0	200
117	439.44	42.60	46.16	59.50	22.13	491.85	366.85	125.00	473.68	18.17	148.85	0.04	120.90	5849	117.97	8.31	6.20	45.12	5.17	16.65	354.49	459.43	104	13.14	13.90	3220	459.43	53	5.27	1	0	1	0	200
118	332.439	37.17	40.39	53.07	18.06	426.34	330.10	96.24	396.13	30.21	105.28	0.10	89.43	3280	99.54	7.92	5.19	36.81	5.26	15.80	168.43	364.90	86	13.14	11.40	1686	364.90	39	5.25	0	0	0	0	200
119	427.43	41.51	57.98	44.40	22.14	447.24	370.98	76.26	427.93	19.31	143.47	0.08	114.83	5268	111.67	7.97	6.02	45.68	5.11	15.78	292.13	401.68	102	13.14	13.40	2698	401.68	50	2.72	1	0	1	0	200
120	429.40	42.38	61.58	46.24	19.33	498.16	306.60	191.56	433.02	65.14	106.14	0.04	113.39	5779	118.67	8.62	4.20	38.48	5.81	16.98	288.94	434.64	102	31.58	13.38	3045	434.64	49	5.75	1	2	1	2	200
121	410.711	45.06	62.86	49.79	22.53	476.31	426.17	50.13	476.31	0.00	205.93	0.04	113.39	5779	121.15	8.65	5.55	49.80	6.52	16.65	318.60	407.71	102	0.00	13.38	3045	407.71	49	-0.36	0	0	0	0	200
122	378.5701	41.78	57.56	46.98	20.80	461.89	383.43	78.46	384.06	77.83	161.12	0.08	115.42	5027	116.21	8.11	5.21	45.86	6.13	15.47	307.18	415.87	102	13.14	13.40	2755	415.87	50	1.37	0	0	0	0	157
123	442.39	42.29	60.47	44.56	21.84	472.68	319.92	152.75	421.79	50.88	119.09	0.04	120.67	5995	115.60	8.52	6.34	42.03	5.00	16.44	284.60	446.44	104	26.03	13.90	3228	446.44	53	5.38	2	0	2	0	200
124	410.586	44.87	61.85	51.38	21.39	493.94	338.18	155.75	493.94	0.00	142.23	0.04	119.39	6406	121.23	8.33	5.37	42.72	5.98	16.56	277.16	445.42	104	25.78	13.88	3604	445.42	52	4.35	2	0	2	0	200
125	356.4584	43.45	58.96	50.55	20.85	456.76	337.71	119.05	456.76	0.00	112.44	0.14	121.42	5654	116.49	8.09	4.73	44.93	6.31	15.30	230.41	423.67	104	0.00	13.90	3276	423.67	53	5.54	0	0	0	0	1
126	401.39	38.24	55.03	41.10	18.58	476.25	354.51	121.74	446.86	29.38	106.64	0.05	99.64	4723	110.36	8.45	5.40	41.14	5.31	16.64	244.82	400.33	90	25.78	12.40	2542	400.33	45	2.70	3	0	3	0	200
127	377.5854	42.38	58.02	48.12	21.00	468.72	392.52	76.20	449.21	19.50	160.24	0.08	115.42	5027	116.26	8.33	6.09	47.14	6.11	16.62	331.45	418.99	102	15.79	13.40	2755	418.99	50	0.39	0	1	0	1	200
128	341.29	31.07	43.08	34.46	15.67	358.21	238.16	120.06	358.21	0.00	64.78	0.12	72.14	2046	87.54	7.04	5.79	35.22	4.79	13.99	177.42	316.05	72	25.78	9.92	1178	316.05	32	4.39	3	0	3	0	200
129	392.544	43.91	61.66	49.23	20.83	507.30	382.98	124.32	486.45	20.86	152.82	0.04	118.78	6573	121.25	8.53	4.51	40.97	5.95	16.78	314.94	456.22	104	13.14	13.87	3440	456.22	51	4.24	0	0	0	0	200
130	438.45	43.60	60.29	49.51	21.01	493.71	386.54	107.17	474.44	19.27	131.68	0.08	121.37	5705	121.37	8.55	6.47	49.07	6.16	16.50	281.99	421.19	104	12.89	13.90	3291	421.19	53	3.13	2	0	2	0	200
131	326.21	29.81	47.86	27.63	13.94	411.93	261.32	150.61	345.99	65.94	71.52	0.06	70.26	2554	85.93	7.91	5.06	32.94	4.90	15.61	174.45	316.28	72	39.17	9.90	1293	316.28	31	3.33	2	0	2	0	200
132	335.4733	38.33	45.81	50.86	18.31	476.24	350.02	126.21	456.33	19.90	123.36	0.04	100.72	4200	111.12	7.57	4.52	44.56	6.06	14.95	298.97	417.42	90	15.79	12.40	2467	417.42	45	3.39	0	1	0	1	200
133	392.33	37.20	39.76	54.36	17.49	450.90	309.84	141.06	405.59	45.31	82.83	0.05	94.24	4086	105.22	8.15	5.46	34.31	5.13	16.27	196.87	385.55	88	26.03	11.90	2247	385.55	42	4.64	2	0	2	0	200
134	375.4941	41.84	43.35	60.84	21.34	473.22	351.74	121.48	381.23	91.99	141.33	0.08	119.99	6177	113.74	8.78	5.15	44.90	5.55	17.03	295.03	424.10	104	26.03	13.88	3369	424.10	52	1.41	1	0	1	0	200
135	329.375	35.68	38.21	51.65	17.17	415.80	297.52	118.28	367.26	48.54	81.82	0.11	95.03	3763	97.92	8.01	5.24	36.47	5.05	15.86	152.80	360.54	88	51.81	11.90	2092	360.54	42	3.79	3	0	3	0	200
136	319.3985	38.22	56.21	39.79	18.66	429.17	318.30	110.87	417.01	12.16	90.94	0.12	98.36	5062	105.81	8.44	5.22	39.72	5.28	16.39	189.56	379.01	90	12.89	12.37	2625	379.01	43	4.55	1	0	1	0	10
137	272.4158	32.48	16.80	31.81	48.85	372.08	316.99	55.10	372.08	0.00	107.46	0.16	70.01	2545	88.04	7.74	5.38	36.43	4.56	15.32	178.22	298.76	72	0.00	9.88	1229	298.76	30	0.29	0	0	0	0	1
138	330.4843	35.15	52.19	35.58	17.68	443.43	368.39	75.04	408.23	35.20	154.22	0.05	88.87	3521	100.17	8.10	5.27	36.60	4.73	16.06	247.92	373.66	86	26.28	11.40	1811	373.66	39	0.85	0	0	0	0	200
139	393.44	36.67	52.31	39.27	18.45	441.21	365.15	76.06	429.64	11.58	132.38	0.05	88.87	3521	104.58	8.02	5.73	45.26	6.10	14.20	266.07	362.45	86	13.14	11.40	1811	362.45	39	-0.05	1	0	1	0	200
140	334.27	32.27	49.14	31.84	15.84	417.54	303.87	113.68	384.74	32.80	57.21	0.11	75.79	2828	93.24	8.17	5.31	29.96	4.29	16.34	183.43	347.59	74	12.89	10.40	1555	347.59	34	3.93	2	0	2	0	103
141	413.33	40.62	43.11	59.93	18.83	454.59	345.22	109.37	406.91	47.68	101.43	0.08	113.39	5779	112.74	8.43	5.29	38.21	5.39	16.76	232.14	400.23	102	26.28	13.38	3045	400.23	49	5.37	1	0	1	0	200
142	363.474	42.92	62.06	46.39	20.31	439.45	331.81	107.64	410.59	28.87	117.57	0.12	113.39	5779	113.82	8.43	5.40	42.90	5.69	16.73	224.46	402.25	102	15.79	13.38	3045	402.25	49	5.47	0	1	0	1	200
143	407.42	38.07	55.61	39.94	18.66	452.05	304.81	147.24	452.05	0.00	102.52	0.05	93.00	4515	106.91	8.28	5.22	35.39	4.79	16.66	260.19	388.91	88	25.78	11.88	2364	388.91	41	2.71	3	0	3	0	200
144	390.37	36.26	54.02	37.15	17.61	455.73	321.02	134.71	377.96	77.77	105.75	0.05	94.24	4086	105.45	8.22	5.68	35.24	4.98	16.30	276.14	391.72	88	26.03	11.90	2247	391.72	42	1.91	2	0	2	0	200
145	387.20	31.42	48.80	29.97	15.50	405.83	297.93	107.89	363.61	42.21	51.79	0.12	70.45	2525	91.52	8.09	4.52	28.50	4.02	16.10	206.19	331.64	72	12.89	9.90	1327	331.64	31	3.19	3	0	3	0	200
146	448.42	42.38	59.16	48.14	19.84	460.77	283.19	177.58	423.18	37.59	111.18	0.05	114.83	5268	116.10	8.39	4.84	38.77	5.90	16.66	268.10	421.48	102	41.57	13.40	2698	421.48	50	5.66	3	1	3	1	200
147	389.5961	43.49	60.37	45.81	24.31	464.38	380.65	83.73	454.38	10.00	168.32	0.08	119.99	6177	116.29	8.54	7.39	53.19	5.73	16.40	302.71	412.95	104	12.89	13.88	3369	412.95	52	-0.08	1	0	1	0	10
148	344.453	37.95	46.07	49.22	18.55	412.64	262.34	150.30	412.64	0.00	88.80	0.10	95.25	3630	103.09	7.18	4.60	44.72	5.83	13.52	165.80	375.23	88	25.78	11.90	2047	375.23	42	5.24	2	0	2	0	200
149	429.40	42.44	61.00	45.85	20.46	427.58	295.10	132.48	427.58	0.00	92.86	0.13	113.88	5530	114.28	8.66	4.72	38.13	5.50	17.14	231.46	395.18	102	25.78	13.38	2688	395.18	49	4.97	3	0	3	0	200
150	428.20	34.44	52.88	34.37	16.08	440.40	324.60	115.80	379.65	60.75	83.01	0.05	89.11	3389	101.60	8.21	4.21	35.92	4.56	16.31	254.15	369.90	86	26.28	11.40	1785	369.90	39	4.88	2	0	2	0	200
151	337.23	31.08	29.55	48.95	14.72	425.43	267.88	157.55	374.89	50.54	61.04	0.06	75.29	3033	91.39	8.14	5.47	28.54	4.35	16.27	163.74	336.10	74	38.92	10.40	1677	336.10	34	3.05	3	0	3	0	200
152	397.38	36.13	52.94	37.78	17.67	424.91	311.92	112.98	395.73	29.18	120.16	0.06	89.11	3389	100.98	8.27	4.53	34.06	4.81	16.37	229.55	361.46	86	38.92	11.40	1785	361.46	39	3.20	3	0	3	0	200
153	390.37	36.36	53.06	38.34	17.67	443.46	352.12	91.34	408.95	34.51	122.12	0.05	94.74	3851	106.16	8.13	4.52	37.73	4.95	16.18	256.49	368.40	88	26.03	11.90	2026	368.40	42	1.85	2	0	2	0	200
154	309.481	33.20	50.50	32.11	16.99	414.79	298.32	116.48	382.12	32.67	115.04	0.06	70.45	2525	91.14	8.24	4.72	28.82	4.04	16.45	176.48	331.75	72	12.89	9.90	1327	331.75	31	2.11	1	0	1	0	200
155	303.453	33.32	36.11	47.04	16.82	418.87	292.36	126.50	378.97	39.89	128.13	0.06	76.24	2624	95.11	7.67	4.52	34.94	5.00	14.48	224.71	351.88	74	12.89	10.40	1551	351.88	34	1.56	1	0	1	0	200
156	328.387	36.68	38.65	53.86	17.52	428.24	317.88	110.36	410.94	17.30	81.82	0.10	93.73	4179	100.06	7.95	5.34	34.34	4.93	15.55	164.32	368.86	88	38.92	11.88	2140	368.86	41	4.63	2	0	2	0	200
157	443.38	43.07	47.27	62.27	19.67	499.21	324.09	175.12	470.98	28.22	101.99	0.04	119.12	6573	118.93	8.64	5.02	47.49	6.24	16.64	245.79	437.68	104	38.92	13.88	3566	437.68	52	5.95	3	0	3	0	200
158	325.426	38.10	55.78	40.33	18.18	445.66	295.35	150.30	411.44	34.22	98.77	0.09	92.31	4639	104.94	8.44	4.61	32.17	4.78	16.87	200.26	388.62	88	15.79	11.87	2335	388.62	40	5.40	0	1	0	1	200
159	321.3746	36.80	53.53	39.43	17.43	450.32	311.43	138.90	405.43	44.89	93.86	0.09	100.45	4384	104.46	8.28	5.09	38.68	5.56	15.55	207.35	394.03	90	41.57	12.40	2527	394.03	45	3.33	2	1	2	1	200
160	325.4354	36.60	54.68	37.08	18.04	423.98	327.91	96.06	393.31	30.66	121.63	0.10	93.00	4515	100.90	8.25	6.05	38.14	4.61	16.58	206.89	361.08	88	26.03	11.88	2364	361.08	41	1.69	1	0	1	0	200
161	363.474	42.42	58.13	48.88	20.23	441.59	311.49	130.09	422.09	19.49	113.52	0.12	115.42	5027	113.68	8.05	5.18	42.80	5.98	15.32	238.83	425.52	102	15.79	13.40	2755	425.52	50	5.89	0	1	0	1	200
162	413.33	39.93	57.77	42.06	19.97	451.41	329.20	122.21	414.67	36.75	109.86	0.08	114.83	5268	111.63	8.11	5.86	41.38	5.39	15.53	268.22	413.44	102	26.28	13.40	2698	413.44	50	5.26	1	0	1	0	200
163	359.4226	41.45	58.30	46.99	19.05	471.85	303.88	167.97	418.23	53.63	119.73	0.08	121.37	5705	116.82	8.36	4.34	40.99	6.16	16.12	278.09	438.78	104	44.47	13.90	3291	438.78	53	4.23	1	2	1	2	200
164	333.29	32.51	45.42	36.13	15.97	393.82	284.31	109.51	385.75	8.06	83.33	0.10	77.35	2365	94.34	7.26	4.81	38.32	5.50	14.05	229.74	352.27	74	0.00	10.42	1505	352.27	35	5.32	1	0	1	0	16
165	374.497	44.48	46.05	64.44	22.94	473.38	354.51	118.86	473.38	0.00	118.09	0.11	119.58	6341	117.58	8.80	6.30	45.51	5.11	17.35	234.76	428.75	104	0.00	13.88	3190	428.75	52	5.82	0	0	0	0	200
166	274.3887	31.10	47.14	30.30	15.86	412.24	321.84	90.40	407.72	4.52	110.12	0.11	70.01	2545	88.14	7.86	4.71	30.14	4.19	15.58	218.04	330.33	72	13.14	9.88	1229	330.33	30	1.47	0	0	0	0	200
167	428.42	40.83	58.42	43.36	20.70	470.62	350.38	120.23	433.70	36.92	139.98	0.04	114.83	5268	114.53	8.35	5.22	43.09	5.32	16.64	345.08	436.47	102	28.93	13.40	2698	436.47	50	4.28	1	1	1	1	200
168	388.18	31.32	48.93	30.16	14.88	426.73	279.24	147.48	390.26	36.47	55.12	0.06	70.26	2554	91.60	8.11	4.80	28.98	4.17	16.25	205.38	335.76	72	13.14	9.90	1293	335.76	31	4.46	2	0	2	0	200
169	375.4941	41.92	59.76	46.40	19.59	494.10	363.74	130.36	455.37	38.74	148.97	0.04	121.37	5705	118.99	8.44	5.04	42.90	5.91	15.98	346.05	451.83	104	28.93	13.90	3291	451.83	53	3.58	0	1	0	1	200
170	334.27	32.37	49.40	31.85	15.88	423.37	321.12	102.25	388.21	35.16	57.80	0.11	75.29	2936	93.86	8.13	4.33	30.58	4.38	16.19	171.33	347.58	74	12.89	10.38	1537	347.58	33	3.93	2	0	2	0	95
171	332.448	36.49	34.93	57.04	17.50	443.14	330.56	112.57	391.60	51.54	141.51	0.05	87.44	3979	99.59	8.55	4.71	31.80	4.75	17.05	215.77	367.43	86	26.28	11.38	1900	367.43	38	2.46	0	0	0	0	200
172	370.575	39.51	45.33	53.65	19.54	489.36	354.51	134.85	489.36	0.00	157.14	0.00	99.45	4540	113.39	8.02	4.59	39.82	5.67	15.66	336.63	413.40	90	25.78	12.38	2615	413.40	44	0.47	2	0	2	0	42
173	365.447	41.53	43.23	61.94	19.40	473.40	316.96	156.44	423.20	50.20	127.69	0.08	113.88	5530	114.17	8.73	4.88	37.38	5.18	17.30	253.27	425.11	102	28.93	13.38	2688	425.11	49	5.51	0	1	0	1	200
174	403.27	31.67	48.31	30.70	15.99	430.57	316.45	114.12	390.27	40.30	78.52	0.06	70.73	2402	93.95	8.11	5.61	33.53	4.04	16.05	258.47	342.19	72	12.89	9.90	1232	342.19	31	1.43	3	0	3	0	174
175	362.4953	41.39	57.21	46.62	20.33	445.46	368.47	77.00	385.50	59.97	133.56	0.12	115.42	5027	113.37	8.03	5.56	44.64	6.20	14.25	244.97	406.84	102	13.14	13.40	2755	406.84	50	3.33	0	0	0	0	166
176	492.35	43.69	62.83	47.56	20.67	454.31	328.83	125.48	419.44	34.87	101.19	0.08	113.05	5869	119.59	8.72	5.60	42.41	5.95	17.06	277.06	418.16	102	0.00	13.38	2873	418.16	49	6.07	2	0	2	0	200
177	356.38	32.40	49.33	31.39	16.48	425.31	317.37	107.94	385.17	40.14	97.22	0.06	70.73	2402	92.82	8.21	4.62	29.29	3.85	16.43	201.97	337.15	72	12.89	9.90	1232	337.15	31	1.67	2	0	2	0	200
178	384.33	38.31	40.05	56.59	18.30	443.85	336.06	107.79	428.03	15.82	79.15	0.09	98.57	5042	108.02	8.62	5.02	33.75	4.74	17.20	210.15	385.00	90	12.89	12.38	2569	385.00	44	5.23	2	0	2	0	101
179	392.33	36.87	36.41	56.77	17.44	463.63	326.57	137.06	399.90	63.72	84.51	0.05	93.00	4515	104.82	8.57	5.24	37.24	4.80	17.10	211.32	385.24	88	26.03	11.88	2364	385.24	41	5.01	2	0	2	0	200
180	301.4894	32.79	45.95	35.37	17.05	419.42	321.34	98.07	392.17	27.25	147.84	0.06	76.24	2624	93.81	7.74	5.98	37.73	4.98	14.36	286.23	333.42	74	12.89	10.40	1551	333.42	34	-1.92	1	0	1	0	3
181	320.3865	37.37	39.79	54.08	18.24	433.33	309.58	123.75	405.95	27.37	91.05	0.13	100.45	4384	104.18	8.34	4.81	36.79	5.07	16.60	173.98	373.05	90	25.78	12.40	2527	373.05	45	2.76	2	0	2	0	56
182	389.37	38.71	54.98	42.58	18.55	465.22	359.47	105.75	449.94	15.28	84.37	0.09	94.97	3733	107.63	8.12	4.75	36.48	5.59	16.11	230.88	396.64	88	0.00	11.90	2099	396.64	42	5.66	1	0	1	0	200
183	356.588	39.63	56.81	42.15	19.92	448.80	386.16	62.64	441.68	7.12	156.77	0.05	92.31	4639	110.66	8.68	4.62	37.77	5.03	17.25	250.41	382.85	88	0.00	11.87	2335	382.85	40	1.98	0	0	0	0	200
184	425.34	41.09	43.76	60.76	18.77	493.42	333.27	160.15	440.45	52.97	105.97	0.04	119.25	6455	118.46	8.60	5.56	43.55	5.00	17.16	296.45	444.33	104	41.82	13.88	3291	444.33	52	5.12	2	1	2	1	200
185	397.38	37.24	53.00	40.46	18.27	413.06	291.48	121.58	372.06	41.00	82.86	0.11	88.87	3521	100.43	8.10	4.85	37.34	4.97	16.16	180.23	359.43	86	25.78	11.40	1811	359.43	39	4.82	3	0	3	0	200
186	352.524	40.27	47.55	53.73	19.52	486.72	354.12	132.60	457.33	29.39	154.93	0.04	99.72	4404	112.90	7.87	4.52	43.29	6.25	15.40	296.26	422.06	90	0.00	12.38	2647	422.06	44	3.87	0	0	0	0	200
187	343.474	37.13	36.55	56.70	18.13	458.41	330.42	127.99	412.79	45.62	124.32	0.05	93.00	4515	103.72	8.54	5.54	33.55	4.62	17.19	228.83	387.24	88	26.03	11.88	2364	387.24	41	2.55	1	0	1	0	200
188	463.51	43.52	59.70	49.74	21.11	465.86	340.66	125.20	435.10	30.76	141.24	0.05	114.83	5268	120.02	8.35	4.52	38.35	5.26	16.23	273.27	418.54	102	25.78	13.40	2698	418.54	50	4.02	3	0	3	0	200
189	375.4941	42.01	61.11	44.69	20.24	481.48	354.31	127.16	378.91	102.56	142.58	0.08	119.78	6275	115.64	8.70	5.74	42.47	5.12	17.47	283.36	434.14	104	26.03	13.88	3435	434.14	52	3.15	1	0	1	0	200
190	340.30	32.41	50.39	30.82	16.02	405.37	274.50	130.88	389.47	15.90	72.42	0.12	70.26	2554	90.16	8.18	4.68	30.09	3.96	16.18	167.28	326.79	72	12.89	9.90	1293	326.79	31	3.50	2	0	2	0	200
191	320.3865	37.66	57.19	38.04	17.75	457.09	327.60	129.48	427.45	29.64	95.44	0.09	98.86	4954	105.19	8.60	5.54	36.27	5.19	16.84	220.48	401.85	90	28.68	12.38	2671	401.85	44	4.55	1	1	1	1	200
192	319.3985	38.14	55.56	40.35	18.49	441.70	310.58	131.12	430.25	11.45	92.22	0.12	100.45	4384	105.42	8.31	5.91	41.35	5.05	16.58	197.04	380.57	90	12.89	12.40	2527	380.57	45	3.98	1	0	1	0	18
193	406.646	45.34	61.51	52.41	22.11	498.86	408.34	90.52	475.55	23.31	198.02	0.04	121.37	5705	123.73	8.49	5.90	45.92	6.12	16.88	365.76	445.85	104	0.00	13.90	3291	445.85	53	1.20	0	0	0	0	200
194	395.624	43.73	63.77	46.09	21.34	478.44	373.25	105.19	459.08	19.36	194.18	0.04	113.88	5530	119.92	8.88	4.92	42.39	5.60	17.46	330.66	421.86	102	15.79	13.38	2688	421.86	49	1.99	0	1	0	1	200
195	389.37	39.14	59.60	39.18	18.65	462.27	320.42	141.85	444.31	17.96	90.81	0.09	92.64	4645	107.48	8.71	4.71	34.20	4.82	17.40	230.72	396.54	88	0.00	11.88	2316	396.54	41	5.82	1	0	1	0	200
196	254.382	26.43	34.41	30.75	14.13	341.04	265.46	75.58	341.04	0.00	86.73	0.08	55.90	1181	77.26	6.44	4.52	35.21	5.03	12.69	159.10	279.19	58	25.78	8.43	736	279.19	25	2.57	2	0	2	0	200
197	313.5001	34.24	36.98	48.41	17.31	480.09	340.46	139.63	469.50	10.59	139.23	0.00	79.95	3491	102.16	8.02	4.59	37.03	4.83	15.86	296.14	381.69	76	12.89	10.88	1989	381.69	36	-0.51	1	0	1	0	3
198	297.4253	33.75	51.21	33.36	16.67	447.81	303.78	144.03	437.29	10.52	97.47	0.05	80.75	3372	97.78	8.41	5.24	36.73	4.61	16.26	218.03	372.13	76	12.89	10.90	1931	372.13	37	2.47	1	0	1	0	10
199	445.47	42.33	45.52	59.73	21.76	463.30	362.84	100.46	425.86	37.45	151.47	0.04	114.83	5268	116.04	8.37	5.94	45.29	5.64	15.95	304.37	417.19	102	13.14	13.40	2698	417.19	50	3.41	1	0	1	0	200
200	423.36	42.54	58.57	49.29	19.76	495.79	364.39	131.40	481.91	13.87	105.14	0.08	121.49	5608	119.80	8.18	5.11	44.01	6.49	15.30	269.01	436.86	104	13.14	13.90	3306	436.86	53	6.08	1	0	1	0	200
